{
    "img_shape": {
        "type_id": "opencv-matrix",
        "rows": 2,
        "cols": 1,
        "dt": "d",
        "data": [ 1080.0, 1920.0 ]
    },
    "rms": 1.2035783825352289e+00,
    "cam_int": {
        "type_id": "opencv-matrix",
        "rows": 3,
        "cols": 3,
        "dt": "d",
        "data": [ 4.9890713169636956e+03, 0.0, 5.4326431626447436e+02,
            0.0, 5.2731967958433843e+03, 9.5514346593671894e+02, 0.0,
            0.0, 1.0 ]
    },
    "cam_dist": {
        "type_id": "opencv-matrix",
        "rows": 1,
        "cols": 5,
        "dt": "d",
        "data": [ -2.6401416370149056e-01, 1.1402060379413311e+02,
            1.7675620223482572e-01, -8.2336513296987338e-02,
            -1.9761659215680140e+03 ]
    },
    "proj_int": {
        "type_id": "opencv-matrix",
        "rows": 3,
        "cols": 3,
        "dt": "d",
        "data": [ 6.6740418843349817e+03, 0.0, 3.0550249446624287e+02,
            0.0, 7.0187396259667375e+03, 5.0811715404614233e+02, 0.0,
            0.0, 1.0 ]
    },
    "proj_dist": {
        "type_id": "opencv-matrix",
        "rows": 1,
        "cols": 5,
        "dt": "d",
        "data": [ 1.2766640693954750e+01, -2.4979421474618135e+02,
            4.6954994862897781e-01, -4.1665369810022707e-01,
            -4.7422501817365443e+00 ]
    },
    "rotation": {
        "type_id": "opencv-matrix",
        "rows": 3,
        "cols": 3,
        "dt": "d",
        "data": [ 9.8999826459985574e-01, 2.8996610211596448e-02,
            -1.3806749322527315e-01, -4.1593673886365139e-02,
            9.9514076270818363e-01, -8.9245888920494287e-02,
            1.3480876225939029e-01, 9.4096009441480777e-02,
            9.8639370366262979e-01 ]
    },
    "translation": {
        "type_id": "opencv-matrix",
        "rows": 3,
        "cols": 1,
        "dt": "d",
        "data": [ 4.1152537396197005e+02, 4.9951453210748485e+02,
            -1.6377438705497935e+00 ]
    }
}
