{
    "img_shape": {
        "type_id": "opencv-matrix",
        "rows": 2,
        "cols": 1,
        "dt": "d",
        "data": [ 1080.0, 1920.0 ]
    },
    "rms": 1.2689042637063572e+00,
    "cam_int": {
        "type_id": "opencv-matrix",
        "rows": 3,
        "cols": 3,
        "dt": "d",
        "data": [ 1.8550401876052706e+03, 0.0, 5.9258007020694617e+02,
            0.0, 1.7452683194847461e+03, 1.0250657203112876e+03, 0.0,
            0.0, 1.0 ]
    },
    "cam_dist": {
        "type_id": "opencv-matrix",
        "rows": 1,
        "cols": 5,
        "dt": "d",
        "data": [ 1.9854094708202447e-01, -4.8875073683508335e-01,
            5.0835333760832831e-02, -6.7306760031542373e-02,
            5.7856168748897518e-01 ]
    },
    "proj_int": {
        "type_id": "opencv-matrix",
        "rows": 3,
        "cols": 3,
        "dt": "d",
        "data": [ 1.2891610928476221e+04, 0.0, 5.3519396751043269e+02,
            0.0, 1.3091764711443364e+04, 9.4897930746077463e+02, 0.0,
            0.0, 1.0 ]
    },
    "proj_dist": {
        "type_id": "opencv-matrix",
        "rows": 1,
        "cols": 5,
        "dt": "d",
        "data": [ 5.2799827418116152e+00, -1.7846355867933869e+02,
            1.4817430838868903e-01, -6.6343605795828348e-02,
            -1.4215660406784703e+00 ]
    },
    "rotation": {
        "type_id": "opencv-matrix",
        "rows": 3,
        "cols": 3,
        "dt": "d",
        "data": [ 8.5915495090395044e-01, 1.0657025407589038e-01,
            -5.0049530595544112e-01, 7.1287301167211298e-02,
            9.4360934637107541e-01, 3.2329479138001455e-01,
            5.0672565657318525e-01, -3.1343928022402040e-01,
            8.0310953585617584e-01 ]
    },
    "translation": {
        "type_id": "opencv-matrix",
        "rows": 3,
        "cols": 1,
        "dt": "d",
        "data": [ 4.7656447238914092e+02, -1.9412107388426270e+02,
            3.6967806234843438e+03 ]
    }
}
