{
    "img_shape": {
        "type_id": "opencv-matrix",
        "rows": 2,
        "cols": 1,
        "dt": "d",
        "data": [ 1080.0, 1920.0 ]
    },
    "rms": 1.7075015907908766e+00,
    "cam_int": {
        "type_id": "opencv-matrix",
        "rows": 3,
        "cols": 3,
        "dt": "d",
        "data": [ 2.3052911732698544e+03, 0.0, 5.3703789418505505e+02,
            0.0, 2.0894593768967929e+03, 9.6720106421249625e+02, 0.0,
            0.0, 1.0 ]
    },
    "cam_dist": {
        "type_id": "opencv-matrix",
        "rows": 1,
        "cols": 5,
        "dt": "d",
        "data": [ 1.2823727783474731e-01, -5.6616213436299279e-01,
            3.1687891971675972e-02, -5.5163753113116665e-02,
            1.9706887712370103e+00 ]
    },
    "proj_int": {
        "type_id": "opencv-matrix",
        "rows": 3,
        "cols": 3,
        "dt": "d",
        "data": [ 5.5522400420613594e+03, 0.0, 4.4946418158218330e+02,
            0.0, 5.4836687266387162e+03, 1.0175612652290065e+03, 0.0,
            0.0, 1.0 ]
    },
    "proj_dist": {
        "type_id": "opencv-matrix",
        "rows": 1,
        "cols": 5,
        "dt": "d",
        "data": [ 1.2033884053173582e+00, -2.0417222811440524e+01,
            4.1681469357153098e-02, -8.8619119282989517e-02,
            2.0705657879152187e+02 ]
    },
    "rotation": {
        "type_id": "opencv-matrix",
        "rows": 3,
        "cols": 3,
        "dt": "d",
        "data": [ 8.6480185210818816e-01, 5.8611454395391865e-02,
            -4.9868071348700110e-01, 9.3665368424294682e-02,
            9.5689960904901750e-01, 2.7489986715125703e-01,
            4.9329966080283166e-01, -2.8444302701155200e-01,
            8.2203869071736335e-01 ]
    },
    "translation": {
        "type_id": "opencv-matrix",
        "rows": 3,
        "cols": 1,
        "dt": "d",
        "data": [ 1.7551206059732624e+03, -8.0150052117635846e+02,
            2.9940001742113409e+03 ]
    }
}
