{
    "img_shape": {
        "type_id": "opencv-matrix",
        "rows": 2,
        "cols": 1,
        "dt": "d",
        "data": [ 1080.0, 1920.0 ]
    },
    "rms": 2.9154271977424293e+00,
    "cam_int": {
        "type_id": "opencv-matrix",
        "rows": 3,
        "cols": 3,
        "dt": "d",
        "data": [ 1.7954112489397016e+03, 0.0, 3.7881681088257773e+02,
            0.0, 1.9312403827827814e+03, 7.2136975493189686e+02, 0.0,
            0.0, 1.0 ]
    },
    "cam_dist": {
        "type_id": "opencv-matrix",
        "rows": 1,
        "cols": 5,
        "dt": "d",
        "data": [ -2.0967315797206881e-01, 7.0052190768071876e-01,
            2.8578879523800489e-03, -1.1265729425973177e-02,
            -1.3777694978189219e+00 ]
    },
    "proj_int": {
        "type_id": "opencv-matrix",
        "rows": 3,
        "cols": 3,
        "dt": "d",
        "data": [ 1.0739006735971449e+04, 0.0, 5.3536872755357354e+02,
            0.0, 1.0725086918389256e+04, 9.3776651600493278e+02, 0.0,
            0.0, 1.0 ]
    },
    "proj_dist": {
        "type_id": "opencv-matrix",
        "rows": 1,
        "cols": 5,
        "dt": "d",
        "data": [ 3.5031330236683291e+00, -4.6056186185619914e+01,
            1.1518114111607268e-01, -1.1436805917259388e-01,
            -1.1734800317109104e+00 ]
    },
    "rotation": {
        "type_id": "opencv-matrix",
        "rows": 3,
        "cols": 3,
        "dt": "d",
        "data": [ 8.2928272432037053e-01, 4.7513696954390477e-02,
            -5.5680572172483178e-01, 6.3654999268147827e-02,
            9.8186234972856212e-01, 1.7858994163636085e-01,
            5.5519204264106359e-01, -1.8354502114531199e-01,
            8.1121699994564367e-01 ]
    },
    "translation": {
        "type_id": "opencv-matrix",
        "rows": 3,
        "cols": 1,
        "dt": "d",
        "data": [ 4.5636815681732140e-01, -2.3636051729014901e-01,
            2.8576333310546262e+00 ]
    }
}
